400 -16.000000 0.000000 -55.000000
401 -16.000000 0.000000 -55.000000
402 -16.000000 0.000000 -55.000000
403 -16.000000 0.000000 -55.000000
404 -16.000000 0.000000 -55.000000
405 -16.000000 0.000000 -55.000000
409 -16.000000 0.000000 -55.000000
410 -16.000000 0.000000 -55.000000
411 -16.000000 0.000000 -55.000000
412 -16.000000 0.000000 -55.000000
413 -16.000000 0.000000 -55.000000
414 -16.000000 0.000000 -55.000000
415 -16.000000 0.000000 -55.000000
418 -16.000000 0.000000 -55.000000
419 -16.000000 0.000000 -55.000000
420 -16.000000 0.000000 -55.000000
421 -16.000000 0.000000 -55.000000
422 -16.000000 0.000000 -55.000000
423 -16.000000 0.000000 -55.000000
424 -16.000000 0.000000 -55.000000
426 -16.000000 0.000000 -55.000000
428 -16.000000 0.000000 -55.000000
429 -16.000000 0.000000 -55.000000
431 -16.000000 0.000000 -55.000000
434 -16.000000 0.000000 -55.000000
435 -16.000000 0.000000 -55.000000
436 -16.000000 0.000000 -55.000000
437 -16.000000 0.000000 -55.000000
438 -16.000000 0.000000 -55.000000
439 -16.000000 0.000000 -55.000000
440 -16.000000 0.000000 -55.000000
442 -16.000000 0.000000 -55.000000
443 -16.000000 0.000000 -55.000000
444 -16.000000 0.000000 -55.000000
445 -16.000000 0.000000 -55.000000
448 -16.000000 0.000000 -55.000000
450 -16.000000 0.000000 -55.000000
451 -16.000000 0.000000 -55.000000
455 -16.000000 0.000000 -55.000000
456 -16.000000 0.000000 -55.000000
457 -16.000000 0.000000 -55.000000
458 -16.000000 0.000000 -55.000000
459 -16.000000 0.000000 -55.000000
461 -16.000000 0.000000 -55.000000
462 -16.000000 0.000000 -55.000000
463 -16.000000 0.000000 -55.000000
466 -16.000000 0.000000 -55.000000
467 -16.000000 0.000000 -55.000000
468 -16.000000 0.000000 -55.000000
470 -16.000000 0.000000 -55.000000
471 -16.000000 0.000000 -55.000000
474 -16.000000 0.000000 -55.000000
475 -16.000000 0.000000 -55.000000
477 -16.000000 0.000000 -55.000000
478 -16.000000 0.000000 -55.000000
479 -16.000000 0.000000 -55.000000
480 -16.000000 0.000000 -55.000000
481 -16.000000 0.000000 -55.000000
482 -16.000000 0.000000 -55.000000
483 -16.000000 0.000000 -55.000000
489 -16.000000 0.000000 -55.000000
491 -16.000000 0.000000 -55.000000
492 -16.000000 0.000000 -55.000000
494 -16.000000 0.000000 -55.000000
495 -16.000000 0.000000 -55.000000
496 -16.000000 0.000000 -55.000000
498 -16.000000 0.000000 -55.000000
499 -16.000000 0.000000 -55.000000
500 -16.000000 0.000000 -55.000000
502 -16.000000 0.000000 -55.000000
503 -16.000000 0.000000 -55.000000
504 -16.000000 0.000000 -55.000000
505 -16.000000 0.000000 -55.000000
506 -16.000000 0.000000 -55.000000
507 -16.000000 0.000000 -55.000000
508 -16.000000 0.000000 -55.000000
509 -16.000000 0.000000 -55.000000
510 -16.000000 0.000000 -55.000000
514 -16.000000 0.000000 -55.000000
515 -16.000000 0.000000 -55.000000
516 -16.000000 0.000000 -55.000000
517 -16.000000 0.000000 -55.000000
518 -16.000000 0.000000 -55.000000
521 -16.000000 0.000000 -55.000000
522 -16.000000 0.000000 -55.000000
526 -16.000000 0.000000 -55.000000
527 -16.000000 0.000000 -55.000000
529 -16.000000 0.000000 -55.000000
530 -16.000000 0.000000 -55.000000
531 -16.000000 0.000000 -55.000000
533 -16.000000 0.000000 -55.000000
534 -16.000000 0.000000 -55.000000
535 -16.000000 0.000000 -55.000000
536 -16.000000 0.000000 -55.000000
539 -16.000000 0.000000 -55.000000
540 -16.000000 0.000000 -55.000000
541 -16.000000 0.000000 -55.000000
542 -16.000000 0.000000 -55.000000
543 -16.000000 0.000000 -55.000000
545 -16.000000 0.000000 -55.000000
546 -16.000000 0.000000 -55.000000
547 -16.000000 0.000000 -55.000000
549 -16.000000 0.000000 -55.000000
550 -16.000000 0.000000 -55.000000
551 -16.000000 0.000000 -55.000000
554 -16.000000 0.000000 -55.000000
555 -16.000000 0.000000 -55.000000
556 -16.000000 0.000000 -55.000000
557 -16.000000 0.000000 -55.000000
558 -16.000000 0.000000 -55.000000
559 -16.000000 0.000000 -55.000000
560 -16.000000 0.000000 -55.000000
561 -16.000000 0.000000 -55.000000
562 -16.000000 0.000000 -55.000000
565 -16.000000 0.000000 -55.000000
566 -16.000000 0.000000 -55.000000
567 -16.000000 0.000000 -55.000000
568 -16.000000 0.000000 -55.000000
571 -16.000000 0.000000 -55.000000
572 -16.000000 0.000000 -55.000000
573 -16.000000 0.000000 -55.000000
575 -16.000000 0.000000 -55.000000
576 -16.000000 0.000000 -55.000000
578 -16.000000 0.000000 -55.000000
579 -16.000000 0.000000 -55.000000
580 -16.000000 0.000000 -55.000000
581 -16.000000 0.000000 -55.000000
584 -16.000000 0.000000 -55.000000
585 -16.000000 0.000000 -55.000000
586 -16.000000 0.000000 -55.000000
587 -16.000000 0.000000 -55.000000
588 -16.000000 0.000000 -55.000000
589 -16.000000 0.000000 -55.000000
591 -16.000000 0.000000 -55.000000
600 -16.000000 0.000000 -55.000000
602 -16.000000 0.000000 -55.000000
603 -16.000000 0.000000 -55.000000
604 -16.000000 0.000000 -55.000000
605 -16.000000 0.000000 -55.000000
609 -16.000000 0.000000 -55.000000