406 -16.000000 0.000000 -55.000000
407 -16.000000 0.000000 -55.000000
416 -16.000000 0.000000 -55.000000
427 -16.000000 0.000000 -55.000000
433 -16.000000 0.000000 -55.000000
486 -16.000000 0.000000 -55.000000
490 -16.000000 0.000000 -55.000000
523 -16.000000 0.000000 -55.000000
525 -16.000000 0.000000 -55.000000
528 -16.000000 0.000000 -55.000000
532 -16.000000 0.000000 -55.000000
544 -16.000000 0.000000 -55.000000
552 -16.000000 0.000000 -55.000000
582 -16.000000 0.000000 -55.000000
596 -16.000000 0.000000 -55.000000
597 -16.000000 0.000000 -55.000000
598 -16.000000 0.000000 -55.000000
599 -16.000000 0.000000 -55.000000
601 -16.000000 0.000000 -55.000000
